m_Name: "body-shadow"
m_Rect:
  serializedVersion: 2
  x: 2
  y: 1159.5
  width: 564.5
  height: 216.5
m_Offset: {x: 0, y: 0}
m_Border: {x: 0, y: 0, z: 0, w: 0}
m_PixelsToUnits: 4
m_Pivot: {x: 0.5, y: 0.5}
m_Extrude: 1
m_IsPolygon: 0
m_RenderDataKey:ffb2fb422bf750745b851aa9792ffc98: -8795522672234318723
m_AtlasTags: []
m_SpriteAtlas: {fileID: 0}
m_RD:
  serializedVersion: 3
  texture: {fileID: 2800000, guid: fa150163711447b4f9ad96163731e725, type: 3}
  alphaTexture: {fileID: 0}
  secondaryTextures: []
  m_SubMeshes:
  - serializedVersion: 2
    firstByte: 0
    indexCount: 6
    topology: 0
    baseVertex: 0
    firstVertex: 0
    vertexCount: 4
    localAABB:
      m_Center: {x: 0, y: 0, z: 0}
      m_Extent: {x: 0, y: 0, z: 0}
  m_IndexBuffer: 000002000100010002000300
  m_VertexData:
    serializedVersion: 3
    m_VertexCount: 4
    m_Channels:
    - stream: 0
      offset: 0
      format: 0
      dimension: 3
    - stream: 0
      offset: 0
      format: 0
      dimension: 0
    - stream: 0
      offset: 12
      format: 0
      dimension: 4
    - stream: 0
      offset: 0
      format: 0
      dimension: 0
    - stream: 1
      offset: 0
      format: 0
      dimension: 2
    - stream: 0
      offset: 0
      format: 0
      dimension: 0
    - stream: 0
      offset: 0
      format: 0
      dimension: 0
    - stream: 0
      offset: 0
      format: 0
      dimension: 0
    - stream: 0
      offset: 0
      format: 0
      dimension: 0
    - stream: 0
      offset: 0
      format: 0
      dimension: 0
    - stream: 0
      offset: 0
      format: 0
      dimension: 0
    - stream: 0
      offset: 0
      format: 0
      dimension: 0
    - stream: 1
      offset: 8
      format: 0
      dimension: 4
    - stream: 1
      offset: 24
      format: 10
      dimension: 4
    m_DataSize: 00208DC20080D8C1000000000000803F0000000000000000000080BF00208D420080D8C1000000000000803F0000000000000000000080BF00208DC20080D841000000000000803F0000000000000000000080BF00208D420080D841000000000000803F0000000000000000000080BF0000103B00E8103F0000803F0000000000000000000000000000000000000000000000000000000000B00D3F00E8103F0000803F000000000000000000000000000000000000000000000000000000000000103B00F82B3F0000803F0000000000000000000000000000000000000000000000000000000000B00D3F00F82B3F0000803F00000000000000000000000000000000000000000000000000000000
  m_Bindpose:
  - e00: 1
    e01: 0
    e02: 0
    e03: 1.015923
    e10: 0
    e11: 1
    e12: 0
    e13: 19.38776
    e20: 0
    e21: 0
    e22: 1
    e23: 0
    e30: 0
    e31: 0
    e32: 0
    e33: 1
  textureRect:
    serializedVersion: 2
    x: 2
    y: 1159.5
    width: 565
    height: 217
  textureRectOffset: {x: 0, y: 0}
  atlasRectOffset: {x: -1, y: -1}
  settingsRaw: 64
  uvTransform: {x: 4, y: 284.5, z: 4, w: 1267.5}
  downscaleMultiplier: 1
m_PhysicsShape: []
m_Bones:
- name: "body-low"
  guid: "814b1580d7cffe74fa80b06353606472"
  position: {x: -1.015923, y: -19.38776, z: 0}
  rotation: {x: 0, y: 0, z: 0, w: 1}
  length: 13.72647
  parentId: -1
  color:
    serializedVersion: 2
    rgba: 4278255615
