m_Name: "brow-H-R"
m_Rect:
  serializedVersion: 2
  x: 946
  y: 774
  width: 57
  height: 64
m_Offset: {x: 0, y: 0}
m_Border: {x: 0, y: 0, z: 0, w: 0}
m_PixelsToUnits: 4
m_Pivot: {x: 0.5, y: 0.5}
m_Extrude: 1
m_IsPolygon: 0
m_RenderDataKey:ffb2fb422bf750745b851aa9792ffc98: 7082801166336316276
m_AtlasTags: []
m_SpriteAtlas: {fileID: 0}
m_RD:
  serializedVersion: 3
  texture: {fileID: 2800000, guid: 41119e4ad82a4884ba9c44466df5d027, type: 3}
  alphaTexture: {fileID: 0}
  secondaryTextures: []
  m_SubMeshes:
  - serializedVersion: 2
    firstByte: 0
    indexCount: 6
    topology: 0
    baseVertex: 0
    firstVertex: 0
    vertexCount: 4
    localAABB:
      m_Center: {x: 0, y: 0, z: 0}
      m_Extent: {x: 0, y: 0, z: 0}
  m_IndexBuffer: 000002000100000003000200
  m_VertexData:
    serializedVersion: 3
    m_VertexCount: 4
    m_Channels:
    - stream: 0
      offset: 0
      format: 0
      dimension: 3
    - stream: 0
      offset: 0
      format: 0
      dimension: 0
    - stream: 0
      offset: 12
      format: 0
      dimension: 4
    - stream: 0
      offset: 0
      format: 0
      dimension: 0
    - stream: 1
      offset: 0
      format: 0
      dimension: 2
    - stream: 0
      offset: 0
      format: 0
      dimension: 0
    - stream: 0
      offset: 0
      format: 0
      dimension: 0
    - stream: 0
      offset: 0
      format: 0
      dimension: 0
    - stream: 0
      offset: 0
      format: 0
      dimension: 0
    - stream: 0
      offset: 0
      format: 0
      dimension: 0
    - stream: 0
      offset: 0
      format: 0
      dimension: 0
    - stream: 0
      offset: 0
      format: 0
      dimension: 0
    - stream: 1
      offset: 8
      format: 0
      dimension: 4
    - stream: 1
      offset: 24
      format: 10
      dimension: 4
    m_DataSize: 0000E440000000C1000000000000803F0000000000000000000080BF0000E44000000041000000000000803F0000000000000000000080BF0000E4C000000041000000000000803F0000000000000000000080BF0000E4C0000000C1000000000000803F0000000000000000000080BF00C07A3F0080C13E0000803F0000000000000000000000000000000000000000000000000000000000C07A3F0080D13E0000803F0000000000000000000000000000000000000000000000000000000000806C3F0080D13E0000803F0000000000000000000000000000000000000000000000000000000000806C3F0080C13E0000803F00000000000000000000000000000000000000000000000000000000
  m_Bindpose:
  - e00: -0.9945866
    e01: 0.103912
    e02: 0
    e03: -1.400146
    e10: -0.103912
    e11: -0.9945866
    e12: 0
    e13: 14.37336
    e20: 0
    e21: 0
    e22: 1
    e23: 0
    e30: 0
    e31: 0
    e32: 0
    e33: 1
  textureRect:
    serializedVersion: 2
    x: 946
    y: 774
    width: 57
    height: 64
  textureRectOffset: {x: 0, y: 0}
  atlasRectOffset: {x: -1, y: -1}
  settingsRaw: 64
  uvTransform: {x: 4, y: 974.5, z: 4, w: 806}
  downscaleMultiplier: 1
m_PhysicsShape: []
m_Bones:
- name: "brow-R-1"
  guid: "a3c4a48210590e245ae5c1f49b85a24d"
  position: {x: 0.1009979, y: 14.44104, z: 0}
  rotation: {x: 0, y: 0, z: 0.9986457, w: 0.05202645}
  length: 11.55849
  parentId: -1
  color:
    serializedVersion: 2
    rgba: 4286643968
