m_Name: "Colum"
m_Rect:
  serializedVersion: 2
  x: 0
  y: 0
  width: 125
  height: 128
m_Offset: {x: 0, y: 0}
m_Border: {x: 0, y: 60.71795, z: 0, w: 60.71795}
m_PixelsToUnits: 82.05128
m_Pivot: {x: 0.5, y: 0.5}
m_Extrude: 32
m_IsPolygon: 0
m_RenderDataKey:638634079f344c84599e1d82b62e3d49: 21300000
m_AtlasTags:
- "GamePlay"
m_SpriteAtlas: {fileID: 68707889500000, guid: 873ed434310fe7c42937762dc1018c52, type: 2}
m_RD:
  serializedVersion: 3
  texture: {fileID: 0}
  alphaTexture: {fileID: 0}
  secondaryTextures: []
  m_SubMeshes:
  - serializedVersion: 2
    firstByte: 0
    indexCount: 6
    topology: 0
    baseVertex: 0
    firstVertex: 0
    vertexCount: 4
    localAABB:
      m_Center: {x: 0, y: 0, z: 0}
      m_Extent: {x: 0, y: 0, z: 0}
  m_IndexBuffer: 000001000200020001000300
  m_VertexData:
    serializedVersion: 3
    m_VertexCount: 4
    m_Channels:
    - stream: 0
      offset: 0
      format: 0
      dimension: 3
    - stream: 0
      offset: 0
      format: 0
      dimension: 0
    - stream: 0
      offset: 0
      format: 0
      dimension: 0
    - stream: 0
      offset: 0
      format: 0
      dimension: 0
    - stream: 1
      offset: 0
      format: 0
      dimension: 2
    - stream: 0
      offset: 0
      format: 0
      dimension: 0
    - stream: 0
      offset: 0
      format: 0
      dimension: 0
    - stream: 0
      offset: 0
      format: 0
      dimension: 0
    - stream: 0
      offset: 0
      format: 0
      dimension: 0
    - stream: 0
      offset: 0
      format: 0
      dimension: 0
    - stream: 0
      offset: 0
      format: 0
      dimension: 0
    - stream: 0
      offset: 0
      format: 0
      dimension: 0
    - stream: 1
      offset: 8
      format: 0
      dimension: 4
    - stream: 1
      offset: 24
      format: 10
      dimension: 4
    m_DataSize: 000043BF14AE473F000000000000433F14AE473F00000000000043BF14AE47BF000000000000433F14AE47BF0000000000000000000000000000803F0000000000000000000000000000000000000000000000000000000000000000000000000000803F0000000000000000000000000000000000000000000000000000000000000000000000000000803F0000000000000000000000000000000000000000000000000000000000000000000000000000803F00000000000000000000000000000000000000000000000000000000
  m_Bindpose: []
  textureRect:
    serializedVersion: 2
    x: 0
    y: 0
    width: 125
    height: 128
  textureRectOffset: {x: 0, y: 0}
  atlasRectOffset: {x: -1, y: -1}
  settingsRaw: 0
  uvTransform: {x: 82.05128, y: 62.5, z: 82.05128, w: 64}
  downscaleMultiplier: 1
m_PhysicsShape: []
m_Bones: []
