m_Name: "leaf-S-R-shadow"
m_Rect:
  serializedVersion: 2
  x: 256
  y: 1380
  width: 288
  height: 185.5
m_Offset: {x: 0, y: 0}
m_Border: {x: 0, y: 0, z: 0, w: 0}
m_PixelsToUnits: 4
m_Pivot: {x: 0.5, y: 0.5}
m_Extrude: 1
m_IsPolygon: 0
m_RenderDataKey:ffb2fb422bf750745b851aa9792ffc98: -3747469319474458198
m_AtlasTags: []
m_SpriteAtlas: {fileID: 0}
m_RD:
  serializedVersion: 3
  texture: {fileID: 2800000, guid: 2198758c748390c458fb66500d469072, type: 3}
  alphaTexture: {fileID: 0}
  secondaryTextures: []
  m_SubMeshes:
  - serializedVersion: 2
    firstByte: 0
    indexCount: 6
    topology: 0
    baseVertex: 0
    firstVertex: 0
    vertexCount: 4
    localAABB:
      m_Center: {x: 0, y: 0, z: 0}
      m_Extent: {x: 0, y: 0, z: 0}
  m_IndexBuffer: 000003000100010003000200
  m_VertexData:
    serializedVersion: 3
    m_VertexCount: 4
    m_Channels:
    - stream: 0
      offset: 0
      format: 0
      dimension: 3
    - stream: 0
      offset: 0
      format: 0
      dimension: 0
    - stream: 0
      offset: 12
      format: 0
      dimension: 4
    - stream: 0
      offset: 0
      format: 0
      dimension: 0
    - stream: 1
      offset: 0
      format: 0
      dimension: 2
    - stream: 0
      offset: 0
      format: 0
      dimension: 0
    - stream: 0
      offset: 0
      format: 0
      dimension: 0
    - stream: 0
      offset: 0
      format: 0
      dimension: 0
    - stream: 0
      offset: 0
      format: 0
      dimension: 0
    - stream: 0
      offset: 0
      format: 0
      dimension: 0
    - stream: 0
      offset: 0
      format: 0
      dimension: 0
    - stream: 0
      offset: 0
      format: 0
      dimension: 0
    - stream: 1
      offset: 8
      format: 0
      dimension: 4
    - stream: 1
      offset: 24
      format: 10
      dimension: 4
    m_DataSize: 000010420080B941000000000000803F0000000000000000000080BF000010C20080B941000000000000803F0000000000000000000080BF000010C20080B9C1000000000000803F0000000000000000000080BF000010420080B9C1000000000000803F0000000000000000000080BF0000083F00B8433F0000803F000000000000000000000000000000000000000000000000000000000000803E00B8433F0000803F000000000000000000000000000000000000000000000000000000000000803E00882C3F0000803F000000000000000000000000000000000000000000000000000000000000083F00882C3F0000803F00000000000000000000000000000000000000000000000000000000
  m_Bindpose:
  - e00: 0.9998001
    e01: -0.0199947
    e02: 0
    e03: 35.36932
    e10: 0.0199947
    e11: 0.9998001
    e12: 0
    e13: -16.14066
    e20: 0
    e21: 0
    e22: 1
    e23: 0
    e30: 0
    e31: 0
    e32: 0
    e33: 1
  textureRect:
    serializedVersion: 2
    x: 256
    y: 1380
    width: 288
    height: 186
  textureRectOffset: {x: 0, y: 0}
  atlasRectOffset: {x: -1, y: -1}
  settingsRaw: 64
  uvTransform: {x: 4, y: 400, z: 4, w: 1473}
  downscaleMultiplier: 1
m_PhysicsShape: []
m_Bones:
- name: "leafs"
  guid: "54ba2088cb208b14b84ab834431f838d"
  position: {x: -35.03952, y: 16.84464, z: 0}
  rotation: {x: 0, y: 0, z: -0.009997851, w: 0.9999501}
  length: 8.580756
  parentId: -1
  color:
    serializedVersion: 2
    rgba: 4278190335
