m_Name: "mouth-S"
m_Rect:
  serializedVersion: 2
  x: 814.5
  y: 1477
  width: 181
  height: 66.5
m_Offset: {x: 0, y: 0}
m_Border: {x: 0, y: 0, z: 0, w: 0}
m_PixelsToUnits: 4
m_Pivot: {x: 0.5, y: 0.5}
m_Extrude: 1
m_IsPolygon: 0
m_RenderDataKey:ffb2fb422bf750745b851aa9792ffc98: 1302914856866791072
m_AtlasTags: []
m_SpriteAtlas: {fileID: 0}
m_RD:
  serializedVersion: 3
  texture: {fileID: 2800000, guid: d2749aa1ac0f79f4b8533701c8a015f2, type: 3}
  alphaTexture: {fileID: 0}
  secondaryTextures: []
  m_SubMeshes:
  - serializedVersion: 2
    firstByte: 0
    indexCount: 6
    topology: 0
    baseVertex: 0
    firstVertex: 0
    vertexCount: 4
    localAABB:
      m_Center: {x: 0, y: 0, z: 0}
      m_Extent: {x: 0, y: 0, z: 0}
  m_IndexBuffer: 000002000100000003000200
  m_VertexData:
    serializedVersion: 3
    m_VertexCount: 4
    m_Channels:
    - stream: 0
      offset: 0
      format: 0
      dimension: 3
    - stream: 0
      offset: 0
      format: 0
      dimension: 0
    - stream: 0
      offset: 12
      format: 0
      dimension: 4
    - stream: 0
      offset: 0
      format: 0
      dimension: 0
    - stream: 1
      offset: 0
      format: 0
      dimension: 2
    - stream: 0
      offset: 0
      format: 0
      dimension: 0
    - stream: 0
      offset: 0
      format: 0
      dimension: 0
    - stream: 0
      offset: 0
      format: 0
      dimension: 0
    - stream: 0
      offset: 0
      format: 0
      dimension: 0
    - stream: 0
      offset: 0
      format: 0
      dimension: 0
    - stream: 0
      offset: 0
      format: 0
      dimension: 0
    - stream: 0
      offset: 0
      format: 0
      dimension: 0
    - stream: 1
      offset: 8
      format: 0
      dimension: 4
    - stream: 1
      offset: 24
      format: 10
      dimension: 4
    m_DataSize: 0000B541000005C1000000000000803F0000000000000000000080BF0000B54100000541000000000000803F0000000000000000000080BF0000B5C100000541000000000000803F0000000000000000000080BF0000B5C1000005C1000000000000803F0000000000000000000080BF00E0783F00A8383F0000803F0000000000000000000000000000000000000000000000000000000000E0783F00F8403F0000803F0000000000000000000000000000000000000000000000000000000000A04B3F00F8403F0000803F0000000000000000000000000000000000000000000000000000000000A04B3F00A8383F0000803F00000000000000000000000000000000000000000000000000000000
  m_Bindpose:
  - e00: 0.9997784
    e01: 0.0210488
    e02: 0
    e03: 0.6136845
    e10: -0.0210488
    e11: 0.9997784
    e12: 0
    e13: -0.5440437
    e20: 0
    e21: 0
    e22: 1
    e23: 0
    e30: 0
    e31: 0
    e32: 0
    e33: 1
  textureRect:
    serializedVersion: 2
    x: 814.5
    y: 1477
    width: 182
    height: 67
  textureRectOffset: {x: 0, y: 0}
  atlasRectOffset: {x: -1, y: -1}
  settingsRaw: 64
  uvTransform: {x: 4, y: 905, z: 4, w: 1510.5}
  downscaleMultiplier: 1
m_PhysicsShape: []
m_Bones:
- name: "mouth"
  guid: "c47cccc5181210549a6fcf0fc8135108"
  position: {x: -0.625, y: 0.5310059, z: 0}
  rotation: {x: 0, y: 0, z: 0.01052498, w: 0.9999446}
  length: 16.3038
  parentId: -1
  color:
    serializedVersion: 2
    rgba: 4294901888
