m_Name: "mouth-normal"
m_Rect:
  serializedVersion: 2
  x: 814.5
  y: 1380
  width: 160.5
  height: 93
m_Offset: {x: 0, y: 0}
m_Border: {x: 0, y: 0, z: 0, w: 0}
m_PixelsToUnits: 4
m_Pivot: {x: 0.5, y: 0.5}
m_Extrude: 1
m_IsPolygon: 0
m_RenderDataKey:ffb2fb422bf750745b851aa9792ffc98: 3334646993946820584
m_AtlasTags: []
m_SpriteAtlas: {fileID: 0}
m_RD:
  serializedVersion: 3
  texture: {fileID: 2800000, guid: 8d77b8e2776b52a4eadcbb02abd1cec6, type: 3}
  alphaTexture: {fileID: 0}
  secondaryTextures: []
  m_SubMeshes:
  - serializedVersion: 2
    firstByte: 0
    indexCount: 6
    topology: 0
    baseVertex: 0
    firstVertex: 0
    vertexCount: 4
    localAABB:
      m_Center: {x: 0, y: 0, z: 0}
      m_Extent: {x: 0, y: 0, z: 0}
  m_IndexBuffer: 000002000100000003000200
  m_VertexData:
    serializedVersion: 3
    m_VertexCount: 4
    m_Channels:
    - stream: 0
      offset: 0
      format: 0
      dimension: 3
    - stream: 0
      offset: 0
      format: 0
      dimension: 0
    - stream: 0
      offset: 12
      format: 0
      dimension: 4
    - stream: 0
      offset: 0
      format: 0
      dimension: 0
    - stream: 1
      offset: 0
      format: 0
      dimension: 2
    - stream: 0
      offset: 0
      format: 0
      dimension: 0
    - stream: 0
      offset: 0
      format: 0
      dimension: 0
    - stream: 0
      offset: 0
      format: 0
      dimension: 0
    - stream: 0
      offset: 0
      format: 0
      dimension: 0
    - stream: 0
      offset: 0
      format: 0
      dimension: 0
    - stream: 0
      offset: 0
      format: 0
      dimension: 0
    - stream: 0
      offset: 0
      format: 0
      dimension: 0
    - stream: 1
      offset: 8
      format: 0
      dimension: 4
    - stream: 1
      offset: 24
      format: 10
      dimension: 4
    m_DataSize: 0080A04100003AC1000000000000803F0000000000000000000080BF0080A04100003A41000000000000803F0000000000000000000080BF0080A0C100003A41000000000000803F0000000000000000000080BF0080A0C100003AC1000000000000803F0000000000000000000080BF00B0733F00802C3F0000803F0000000000000000000000000000000000000000000000000000000000B0733F0020383F0000803F0000000000000000000000000000000000000000000000000000000000904B3F0020383F0000803F0000000000000000000000000000000000000000000000000000000000904B3F00802C3F0000803F00000000000000000000000000000000000000000000000000000000
  m_Bindpose:
  - e00: 0.9997784
    e01: 0.0210488
    e02: 0
    e03: -0.4630511
    e10: -0.0210488
    e11: 0.9997784
    e12: 0
    e13: -1.209027
    e20: 0
    e21: 0
    e22: 1
    e23: 0
    e30: 0
    e31: 0
    e32: 0
    e33: 1
  textureRect:
    serializedVersion: 2
    x: 814.5
    y: 1380
    width: 161
    height: 93
  textureRectOffset: {x: 0, y: 0}
  atlasRectOffset: {x: -1, y: -1}
  settingsRaw: 64
  uvTransform: {x: 4, y: 894.5, z: 4, w: 1426.5}
  downscaleMultiplier: 1
m_PhysicsShape: []
m_Bones:
- name: "mouth"
  guid: "c47cccc5181210549a6fcf0fc8135108"
  position: {x: 0.4375, y: 1.218506, z: 0}
  rotation: {x: 0, y: 0, z: 0.01052498, w: 0.9999446}
  length: 16.3038
  parentId: -1
  color:
    serializedVersion: 2
    rgba: 4294901888
