  m_Name: "UISprite"
  m_Rect:
    serializedVersion: 2
    x: 0
    y: 0
    width: 32
    height: 32
  m_Offset: {x: 0, y: 0}
  m_Border: {x: 10, y: 10, z: 10, w: 10}
  m_PixelsToUnits: 200
  m_Pivot: {x: 0.5, y: 0.5}
  m_Extrude: 1
  m_IsPolygon: 0
  m_RenderDataKey:0000000000000000f000000000000000: 10905
  m_AtlasTags: []
  m_SpriteAtlas: {fileID: 0}
  m_RD:
    serializedVersion: 3
    texture: {fileID: 2800000, guid: 4b372ed5b6d246e4b22fc5e962521e86, type: 3}
    alphaTexture: {fileID: 0}
    secondaryTextures: []
    m_SubMeshes:
    - serializedVersion: 2
      firstByte: 0
      indexCount: 15
      topology: 0
      baseVertex: 0
      firstVertex: 0
      vertexCount: 7
      localAABB:
        m_Center: {x: 0, y: 0, z: 0}
        m_Extent: {x: 0, y: 0, z: 0}
    m_IndexBuffer: 060005000400030004000500010004000300000001000300020001000000
    m_VertexData:
      serializedVersion: 3
      m_VertexCount: 7
      m_Channels:
      - stream: 0
        offset: 0
        format: 0
        dimension: 3
      - stream: 0
        offset: 0
        format: 0
        dimension: 0
      - stream: 0
        offset: 0
        format: 0
        dimension: 0
      - stream: 0
        offset: 0
        format: 0
        dimension: 0
      - stream: 1
        offset: 0
        format: 0
        dimension: 2
      - stream: 0
        offset: 0
        format: 0
        dimension: 0
      - stream: 0
        offset: 0
        format: 0
        dimension: 0
      - stream: 0
        offset: 0
        format: 0
        dimension: 0
      - stream: 0
        offset: 0
        format: 0
        dimension: 0
      - stream: 0
        offset: 0
        format: 0
        dimension: 0
      - stream: 0
        offset: 0
        format: 0
        dimension: 0
      - stream: 0
        offset: 0
        format: 0
        dimension: 0
      - stream: 0
        offset: 0
        format: 0
        dimension: 0
      - stream: 0
        offset: 0
        format: 0
        dimension: 0
      m_DataSize: CDCC4C3D0AD7A33D000000000AD7A33D0AD7A3BD000000000AD7A33D9A99993D00000000295C8FBD0AD7A33D000000009A9999BD0AD7A3BD000000000AD7A3BD295C8F3D000000000AD7A3BDCDCC4CBD000000000000000000000000000000000000000000000000000000000000000000000000000000000000000000000000000000000000000000000000000000000000000000000000
    m_Bindpose: []
    textureRect:
      serializedVersion: 2
      x: 0.02675098
      y: 0.05131668
      width: 31.9465
      height: 31.89737
    textureRectOffset: {x: 0.02675098, y: 0.05131668}
    atlasRectOffset: {x: -1, y: -1}
    settingsRaw: 64
    uvTransform: {x: 200, y: 16, z: 200, w: 16}
    downscaleMultiplier: 1
  m_PhysicsShape:
  - - {x: -0.08, y: 0.08}
    - {x: -0.08, y: -0.08}
    - {x: 0.075, y: -0.08}
    - {x: 0.08, y: -0.06}
    - {x: 0.08, y: 0.07}
    - {x: 0.055, y: 0.08}
  m_Bones: []
